40:4,37,40,58,60,115,126,153,
164:149,164,
79:46,79,92,128,146,
99:99,
15:7,14,15,16,17,43,47,106,108,119,120,141,174,192,81,86,133,
118:118,
52:52,
31:31,
200:134,162,104,180,172,188,200,102,
77:77,89,148,44,
151:42,95,151,171,175,177,194,197,178,56,84,198,112,138,132,8,69,80,122,183,190,22,173,68,110,160,82,23,48,59,34,39,114,154,117,161,25,75,33,
170:0,3,12,27,105,125,156,170,181,18,19,30,45,61,62,66,70,123,136,157,158,50,129,5,163,189,10,21,145,131,
32:51,55,107,130,191,49,53,127,139,28,32,71,85,97,152,11,101,124,143,168,29,26,88,96,63,186,83,121,6,35,24,187,67,65,91,41,
38:179,38,109,
142:13,93,193,57,159,185,73,113,74,155,199,165,140,20,54,116,36,87,98,195,150,103,9,76,135,144,147,137,142,166,169,176,64,72,100,167,182,2,184,94,196,1,111,90,78,
